0 0.419921875 0.5048828125 0.013671875 0.021484375
0 0.328125 0.6416015625 0.021484375 0.0341796875
0 0.33203125 0.5732421875 0.017578125 0.03125
0 0.6044921875 0.49609375 0.0283203125 0.0361328125
0 0.0859375 0.478515625 0.0263671875 0.0341796875
1 0.068359375 0.5810546875 0.0576171875 0.1220703125
1 0.8857421875 0.576171875 0.0419921875 0.1123046875
0 0.8857421875 0.4873046875 0.0341796875 0.037109375
1 0.560546875 0.5888671875 0.046875 0.119140625
0 0.365234375 0.458984375 0.033203125 0.048828125
1 0.615234375 0.57421875 0.0361328125 0.1015625
1 0.365234375 0.5771484375 0.046875 0.1455078125
0 0.556640625 0.4921875 0.033203125 0.0517578125