0 0.6953125 0.404296875 0.029296875 0.033203125
0 0.05859375 0.408203125 0.0576171875 0.056640625
0 0.2919921875 0.408203125 0.0498046875 0.056640625
0 0.7578125 0.396484375 0.029296875 0.0341796875
0 0.0146484375 0.4169921875 0.029296875 0.0908203125
0 0.1787109375 0.4169921875 0.0673828125 0.0830078125
1 0.025390625 0.708984375 0.0498046875 0.3125
1 0.0478515625 0.583984375 0.0595703125 0.21875
0 0.2431640625 0.4091796875 0.041015625 0.0498046875
0 0.3505859375 0.4130859375 0.046875 0.044921875
0 0.390625 0.423828125 0.03125 0.0361328125
0 0.447265625 0.404296875 0.0390625 0.0517578125
0 0.8974609375 0.4150390625 0.0546875 0.0576171875
0 0.61328125 0.3984375 0.037109375 0.048828125
0 0.560546875 0.400390625 0.0361328125 0.0390625