0 0.470703125 0.3720703125 0.076171875 0.0654296875
1 0.7490234375 0.595703125 0.123046875 0.306640625
0 0.068359375 0.369140625 0.0732421875 0.09375
1 0.123046875 0.669921875 0.1533203125 0.3564453125
0 0.34375 0.357421875 0.076171875 0.0703125
0 0.232421875 0.36328125 0.080078125 0.072265625
0 0.6494140625 0.3359375 0.076171875 0.0830078125
0 0.126953125 0.376953125 0.095703125 0.0986328125
1 0.4833984375 0.666015625 0.1611328125 0.3388671875
0 0.91796875 0.2919921875 0.1123046875 0.115234375
0 0.7744140625 0.322265625 0.095703125 0.087890625
1 0.9052734375 0.583984375 0.189453125 0.3388671875