0 0.220703125 0.1630859375 0.033203125 0.041015625
0 0.970703125 0.2265625 0.029296875 0.0341796875
1 0.8544921875 0.3740234375 0.0703125 0.181640625
0 0.251953125 0.1279296875 0.037109375 0.052734375
1 0.0908203125 0.2880859375 0.083984375 0.169921875
0 0.287109375 0.134765625 0.044921875 0.0517578125
0 0.978515625 0.279296875 0.041015625 0.048828125
0 0.013671875 0.373046875 0.0263671875 0.0625
1 0.767578125 0.376953125 0.0830078125 0.216796875
0 0.775390625 0.2041015625 0.0498046875 0.0595703125
0 0.923828125 0.232421875 0.037109375 0.041015625
0 0.6162109375 0.1552734375 0.048828125 0.091796875
0 0.85546875 0.2333984375 0.046875 0.044921875
0 0.1728515625 0.1611328125 0.056640625 0.064453125
0 0.416015625 0.119140625 0.064453125 0.0654296875
0 0.072265625 0.1552734375 0.0419921875 0.056640625
1 0.048828125 0.572265625 0.0966796875 0.2548828125
1 0.9873046875 0.4091796875 0.025390625 0.236328125
1 0.916015625 0.361328125 0.068359375 0.1796875
1 0.9599609375 0.3037109375 0.0283203125 0.1015625
0 0.642578125 0.1787109375 0.072265625 0.1220703125
0 0.2138671875 0.564453125 0.060546875 0.0986328125