0 0.392578125 0.474609375 0.0419921875 0.056640625
0 0.8212890625 0.6298828125 0.0703125 0.0966796875
0 0.36328125 0.4267578125 0.044921875 0.0625
0 0.140625 0.46875 0.0498046875 0.044921875
0 0.3056640625 0.4208984375 0.056640625 0.0732421875
1 0.1142578125 0.8134765625 0.123046875 0.248046875
0 0.4775390625 0.5625 0.056640625 0.0625
0 0.03125 0.4775390625 0.056640625 0.0732421875
0 0.416015625 0.615234375 0.080078125 0.0908203125
0 0.099609375 0.4716796875 0.044921875 0.0732421875
0 0.634765625 0.4267578125 0.0419921875 0.0625
0 0.744140625 0.666015625 0.078125 0.1015625
0 0.892578125 0.5703125 0.0595703125 0.080078125
0 0.173828125 0.537109375 0.0732421875 0.0908203125
0 0.2158203125 0.466796875 0.044921875 0.0625
0 0.34765625 0.6865234375 0.083984375 0.0966796875
0 0.544921875 0.4599609375 0.0673828125 0.0966796875
0 0.568359375 0.58203125 0.064453125 0.080078125
0 0.291015625 0.5419921875 0.083984375 0.1015625
0 0.84375 0.482421875 0.052734375 0.0732421875
0 0.5791015625 0.6806640625 0.083984375 0.0966796875
0 0.03515625 0.5703125 0.0703125 0.080078125
0 0.7265625 0.4716796875 0.0498046875 0.0625
0 0.9404296875 0.4599609375 0.056640625 0.0732421875
0 0.1298828125 0.62109375 0.076171875 0.1015625