0 0.162109375 0.431640625 0.0908203125 0.087890625
1 0.294921875 0.611328125 0.138671875 0.2294921875
0 0.310546875 0.2353515625 0.068359375 0.076171875
0 0.3984375 0.28125 0.0546875 0.060546875
0 0.7890625 0.4013671875 0.0732421875 0.072265625
1 0.1435546875 0.609375 0.171875 0.236328125
0 0.6396484375 0.279296875 0.0517578125 0.0546875
0 0.478515625 0.2626953125 0.0546875 0.0654296875
0 0.185546875 0.279296875 0.0576171875 0.076171875
0 0.8232421875 0.2431640625 0.068359375 0.072265625
0 0.544921875 0.2431640625 0.0576171875 0.072265625
0 0.7314453125 0.248046875 0.0654296875 0.072265625
0 0.6494140625 0.462890625 0.078125 0.09375
0 0.44921875 0.455078125 0.068359375 0.0703125
0 0.3095703125 0.4267578125 0.0966796875 0.0888671875
1 0.45703125 0.6201171875 0.1298828125 0.216796875
1 0.64453125 0.626953125 0.1357421875 0.1923828125
1 0.853515625 0.4033203125 0.1298828125 0.220703125
1 0.490234375 0.427734375 0.1142578125 0.212890625