0 0.2783203125 0.357421875 0.1201171875 0.1533203125
0 0.5859375 0.306640625 0.076171875 0.1123046875
1 0.8994140625 0.740234375 0.1982421875 0.494140625
0 0.3994140625 0.3388671875 0.1142578125 0.1220703125
0 0.673828125 0.3251953125 0.115234375 0.125
1 0.5146484375 0.6875 0.2294921875 0.494140625
0 0.1708984375 0.2783203125 0.09375 0.119140625
1 0.115234375 0.7216796875 0.224609375 0.53125
0 0.0791015625 0.265625 0.1064453125 0.130859375
0 0.5048828125 0.244140625 0.1171875 0.130859375
0 0.9189453125 0.294921875 0.1298828125 0.134765625
0 0.7646484375 0.2783203125 0.109375 0.130859375