0 0.248046875 0.3310546875 0.056640625 0.126953125
0 0.478515625 0.341796875 0.044921875 0.1064453125
0 0.58984375 0.345703125 0.048828125 0.1123046875
0 0.349609375 0.341796875 0.0625 0.1328125
0 0.0322265625 0.5634765625 0.0419921875 0.0986328125
0 0.6982421875 0.337890625 0.056640625 0.1123046875
1 0.46484375 0.640625 0.1123046875 0.4091796875
1 0.5859375 0.591796875 0.0908203125 0.3251953125
1 0.2509765625 0.5771484375 0.080078125 0.3515625
1 0.3681640625 0.60546875 0.0986328125 0.353515625
1 0.697265625 0.609375 0.0986328125 0.359375