1 0.41015625 0.580078125 0.123046875 0.208984375
1 0.474609375 0.5625 0.1064453125 0.177734375
0 0.56640625 0.3984375 0.107421875 0.083984375
0 0.3125 0.404296875 0.119140625 0.076171875
0 0.400390625 0.421875 0.0810546875 0.0595703125
1 0.7080078125 0.5625 0.1220703125 0.181640625
1 0.810546875 0.529296875 0.138671875 0.201171875
0 0.03515625 0.37890625 0.064453125 0.064453125
0 0.0146484375 0.375 0.0263671875 0.072265625
0 0.46875 0.423828125 0.0810546875 0.0703125
0 0.705078125 0.4375 0.087890625 0.0810546875
0 0.787109375 0.376953125 0.083984375 0.0673828125
1 0.3076171875 0.630859375 0.1689453125 0.287109375
0 0.18359375 0.388671875 0.169921875 0.1279296875