0 0.357421875 0.494140625 0.0751953125 0.060546875
0 0.294921875 0.486328125 0.044921875 0.0439453125
1 0.294921875 0.55859375 0.072265625 0.103515625
0 0.474609375 0.482421875 0.083984375 0.0625
0 0.951171875 0.470703125 0.0966796875 0.0751953125
0 0.685546875 0.482421875 0.087890625 0.0654296875
1 0.189453125 0.564453125 0.087890625 0.115234375
1 0.361328125 0.58203125 0.091796875 0.125
0 0.1875 0.4794921875 0.052734375 0.0517578125
1 0.953125 0.6318359375 0.09375 0.2265625
1 0.705078125 0.626953125 0.1220703125 0.201171875
1 0.4775390625 0.583984375 0.107421875 0.138671875