0 0.1728515625 0.2421875 0.0205078125 0.0234375
0 0.689453125 0.435546875 0.021484375 0.03125
0 0.2724609375 0.4833984375 0.0263671875 0.033203125
0 0.5517578125 0.4091796875 0.0205078125 0.0234375
0 0.1875 0.2861328125 0.017578125 0.0234375
0 0.755859375 0.626953125 0.0263671875 0.0283203125
1 0.53515625 0.470703125 0.0205078125 0.060546875
0 0.41796875 0.4775390625 0.0234375 0.033203125
0 0.228515625 0.310546875 0.017578125 0.0234375
1 0.47265625 0.435546875 0.0341796875 0.080078125
0 0.8466796875 0.4189453125 0.029296875 0.037109375
0 0.626953125 0.435546875 0.0283203125 0.0439453125
0 0.400390625 0.7900390625 0.0341796875 0.037109375
0 0.1796875 0.76953125 0.03125 0.046875
0 0.1494140625 0.939453125 0.064453125 0.0625
0 0.6787109375 0.455078125 0.0283203125 0.0361328125
0 0.2841796875 0.7919921875 0.041015625 0.0498046875
0 0.9072265625 0.517578125 0.033203125 0.046875
0 0.71484375 0.873046875 0.0390625 0.072265625
0 0.0830078125 0.513671875 0.029296875 0.0546875
0 0.4921875 0.5009765625 0.029296875 0.046875