0 0.623046875 0.337890625 0.0703125 0.056640625
1 0.345703125 0.4052734375 0.060546875 0.1328125
0 0.8359375 0.2626953125 0.083984375 0.0751953125
0 0.408203125 0.283203125 0.0341796875 0.0517578125
0 0.92578125 0.330078125 0.1357421875 0.1201171875
0 0.7255859375 0.2236328125 0.1015625 0.087890625
0 0.521484375 0.2900390625 0.060546875 0.0576171875
0 0.447265625 0.28515625 0.0439453125 0.048828125
0 0.349609375 0.2822265625 0.041015625 0.048828125
1 0.451171875 0.455078125 0.078125 0.1640625
1 0.408203125 0.423828125 0.0439453125 0.1611328125
1 0.294921875 0.439453125 0.0341796875 0.1279296875
1 0.2236328125 0.390625 0.021484375 0.087890625
1 0.578125 0.39453125 0.037109375 0.0888671875
0 0.2978515625 0.3046875 0.033203125 0.052734375
0 0.619140625 0.298828125 0.0498046875 0.0673828125
0 0.5771484375 0.3046875 0.0390625 0.0810546875
0 0.0986328125 0.32421875 0.0341796875 0.0361328125
0 0.138671875 0.318359375 0.0263671875 0.0419921875
0 0.2607421875 0.314453125 0.021484375 0.0439453125
0 0.28125 0.330078125 0.03125 0.041015625
0 0.2275390625 0.314453125 0.0205078125 0.0205078125
0 0.787109375 0.2841796875 0.0595703125 0.0810546875
0 0.67578125 0.2900390625 0.0517578125 0.0576171875
0 0.4873046875 0.326171875 0.0439453125 0.0576171875