1 0.314453125 0.3291015625 0.1298828125 0.1767578125
1 0.189453125 0.25390625 0.0625 0.046875
1 0.3017578125 0.2880859375 0.0986328125 0.0986328125
0 0.232421875 0.365234375 0.080078125 0.0888671875
0 0.451171875 0.404296875 0.123046875 0.130859375
0 0.40234375 0.3115234375 0.107421875 0.09375
0 0.169921875 0.224609375 0.0439453125 0.041015625
0 0.2548828125 0.23046875 0.0576171875 0.056640625
0 0.251953125 0.447265625 0.1357421875 0.09375
1 0.685546875 0.4853515625 0.333984375 0.283203125
1 0.1943359375 0.6328125 0.275390625 0.248046875