0 0.5458984375 0.2880859375 0.0361328125 0.0361328125
0 0.455078125 0.28125 0.0498046875 0.044921875
1 0.880859375 0.423828125 0.0625 0.1220703125
1 0.6123046875 0.412109375 0.0673828125 0.140625
0 0.2412109375 0.2607421875 0.0439453125 0.0419921875
1 0.2509765625 0.3828125 0.0751953125 0.1279296875
0 0.876953125 0.31640625 0.041015625 0.0390625
1 0.3779296875 0.369140625 0.0595703125 0.1015625
1 0.947265625 0.4345703125 0.0859375 0.1455078125
0 0.1748046875 0.283203125 0.048828125 0.044921875
0 0.935546875 0.318359375 0.044921875 0.0390625
0 0.693359375 0.2841796875 0.041015625 0.0390625
1 0.455078125 0.4013671875 0.078125 0.150390625
0 0.6103515625 0.306640625 0.03125 0.03125
0 0.326171875 0.4375 0.0439453125 0.044921875
1 0.091796875 0.396484375 0.0810546875 0.150390625
1 0.1689453125 0.4140625 0.076171875 0.1640625
0 0.099609375 0.271484375 0.046875 0.0439453125