0 0.396484375 0.408203125 0.080078125 0.21875
0 0.2099609375 0.3271484375 0.044921875 0.1611328125
0 0.322265625 0.3740234375 0.0673828125 0.1669921875
0 0.462890625 0.2978515625 0.056640625 0.171875
0 0.0244140625 0.31640625 0.048828125 0.1923828125
0 0.517578125 0.275390625 0.064453125 0.1796875
0 0.1552734375 0.3603515625 0.072265625 0.169921875
1 0.0341796875 0.7900390625 0.068359375 0.419921875
1 0.501953125 0.763671875 0.1376953125 0.4716796875
0 0.1005859375 0.29296875 0.0703125 0.1767578125
0 0.259765625 0.2470703125 0.0732421875 0.1767578125
0 0.5966796875 0.271484375 0.060546875 0.169921875
1 0.2529296875 0.7607421875 0.138671875 0.478515625