1 0.1201171875 0.634765625 0.0390625 0.056640625
0 0.1142578125 0.5869140625 0.0263671875 0.03125
0 0.0556640625 0.607421875 0.029296875 0.0283203125
1 0.1611328125 0.6337890625 0.0576171875 0.078125
0 0.08203125 0.591796875 0.029296875 0.0263671875
1 0.322265625 0.916015625 0.1015625 0.150390625
0 0.14453125 0.5869140625 0.0341796875 0.041015625
1 0.248046875 0.927734375 0.087890625 0.0966796875
0 0.4462890625 0.455078125 0.103515625 0.087890625
1 0.236328125 0.6220703125 0.076171875 0.0908203125
0 0.298828125 0.5302734375 0.076171875 0.078125
0 0.796875 0.353515625 0.169921875 0.1201171875
0 0.201171875 0.564453125 0.056640625 0.0595703125
1 0.8125 0.5849609375 0.259765625 0.2607421875
1 0.318359375 0.6357421875 0.107421875 0.1533203125
1 0.46875 0.908203125 0.1591796875 0.177734375
1 0.47265625 0.62890625 0.1611328125 0.2314453125