1 0.2822265625 0.4697265625 0.0546875 0.3701171875
0 0.1767578125 0.232421875 0.021484375 0.0859375
0 0.3203125 0.064453125 0.0546875 0.12890625
1 0.10546875 0.568359375 0.078125 0.3798828125
1 0.771484375 0.767578125 0.0673828125 0.4140625
0 0.1416015625 0.306640625 0.0341796875 0.09375
0 0.6201171875 0.0732421875 0.052734375 0.1298828125
0 0.6865234375 0.103515625 0.0390625 0.1201171875
0 0.869140625 0.3359375 0.0419921875 0.15625
0 0.373046875 0.1298828125 0.0673828125 0.2080078125
0 0.224609375 0.232421875 0.033203125 0.103515625
0 0.7568359375 0.107421875 0.03125 0.1123046875
0 0.806640625 0.4658203125 0.0419921875 0.138671875
0 0.27734375 0.193359375 0.037109375 0.1123046875
0 0.1455078125 0.2158203125 0.025390625 0.068359375
0 0.5224609375 0.0517578125 0.0517578125 0.103515625