0 0.486328125 0.763671875 0.0263671875 0.0703125
1 0.306640625 0.669921875 0.048828125 0.224609375
0 0.822265625 0.5927734375 0.0263671875 0.0703125
0 0.4833984375 0.201171875 0.0361328125 0.09375
0 0.583984375 0.6474609375 0.0205078125 0.0703125
0 0.5517578125 0.771484375 0.0341796875 0.0703125
1 0.72265625 0.689453125 0.0361328125 0.169921875
0 0.7197265625 0.5615234375 0.0263671875 0.0703125
1 0.5078125 0.8916015625 0.0498046875 0.185546875
0 0.2392578125 0.54296875 0.03125 0.078125
1 0.556640625 0.9228515625 0.0498046875 0.154296875