1 0.416015625 0.369140625 0.134765625 0.3359375
1 0.806640625 0.1728515625 0.0888671875 0.2236328125
1 0.064453125 0.150390625 0.0810546875 0.140625
1 0.716796875 0.1865234375 0.0830078125 0.205078125
1 0.884765625 0.185546875 0.087890625 0.2138671875
1 0.23046875 0.3466796875 0.123046875 0.265625
0 0.0712890625 0.0361328125 0.0595703125 0.068359375
0 0.1767578125 0.10546875 0.0595703125 0.0830078125
0 0.6220703125 0.021484375 0.048828125 0.0419921875
0 0.736328125 0.0390625 0.052734375 0.078125
0 0.1845703125 0.046875 0.048828125 0.068359375
0 0.353515625 0.025390625 0.03515625 0.05078125
0 0.796875 0.029296875 0.0673828125 0.0576171875
0 0.2822265625 0.05078125 0.0595703125 0.1015625
1 0.9599609375 0.302734375 0.080078125 0.28125
0 0.361328125 0.310546875 0.1201171875 0.162109375
0 0.404296875 0.09375 0.072265625 0.115234375
0 0.244140625 0.1328125 0.0703125 0.1220703125
1 0.611328125 0.6865234375 0.2294921875 0.529296875
0 0.98046875 0.1103515625 0.0390625 0.130859375
0 0.880859375 0.02734375 0.0595703125 0.0546875
0 0.6025390625 0.287109375 0.1220703125 0.224609375