1 0.6669921875 0.220703125 0.125 0.181640625
0 0.494140625 0.115234375 0.0673828125 0.048828125
1 0.369140625 0.2294921875 0.1201171875 0.205078125
1 0.9599609375 0.2236328125 0.080078125 0.197265625
0 0.3603515625 0.0693359375 0.080078125 0.0625
0 0.6484375 0.080078125 0.078125 0.0595703125
1 0.498046875 0.4912109375 0.2734375 0.2763671875
0 0.515625 0.216796875 0.1591796875 0.1142578125
0 0.228515625 0.224609375 0.0419921875 0.0361328125
0 0.03125 0.208984375 0.03125 0.025390625
0 0.109375 0.22265625 0.0576171875 0.046875