0 0.2138671875 0.353515625 0.048828125 0.064453125
1 0.158203125 0.3916015625 0.095703125 0.1201171875
1 0.6826171875 0.244140625 0.1064453125 0.1953125
0 0.685546875 0.09765625 0.0654296875 0.087890625
0 0.818359375 0.064453125 0.1171875 0.12890625
0 0.2861328125 0.091796875 0.0888671875 0.109375
1 0.857421875 0.3125 0.1767578125 0.353515625
1 0.2822265625 0.291015625 0.138671875 0.244140625
0 0.4931640625 0.140625 0.037109375 0.052734375
0 0.03515625 0.19140625 0.0205078125 0.0361328125
0 0.525390625 0.140625 0.0234375 0.0283203125
1 0.484375 0.197265625 0.068359375 0.095703125
1 0.037109375 0.23046875 0.041015625 0.0546875