0 0.853515625 0.6728515625 0.1142578125 0.2001953125
1 0.2119140625 0.26953125 0.087890625 0.265625
0 0.3701171875 0.08984375 0.046875 0.0654296875
0 0.189453125 0.0966796875 0.0751953125 0.091796875
1 0.0654296875 0.16015625 0.130859375 0.263671875
0 0.943359375 0.0537109375 0.056640625 0.0517578125
0 0.6884765625 0.076171875 0.083984375 0.09375
0 0.349609375 0.421875 0.099609375 0.0966796875
0 0.95703125 0.166015625 0.0751953125 0.080078125
0 0.84375 0.0361328125 0.083984375 0.0654296875
1 0.708984375 0.2666015625 0.1376953125 0.2421875
1 0.3544921875 0.642578125 0.138671875 0.259765625
0 0.291015625 0.1396484375 0.0859375 0.1201171875
0 0.7958984375 0.3876953125 0.1201171875 0.1591796875
1 0.2744140625 0.349609375 0.107421875 0.298828125