0 0.466796875 0.3515625 0.0361328125 0.0390625
1 0.484375 0.4423828125 0.0341796875 0.1015625
0 0.71875 0.3349609375 0.0341796875 0.029296875
1 0.4365234375 0.4921875 0.046875 0.140625
0 0.4306640625 0.3642578125 0.037109375 0.0419921875
0 0.603515625 0.30859375 0.0498046875 0.0419921875
1 0.716796875 0.4462890625 0.0576171875 0.130859375
0 0.537109375 0.326171875 0.0283203125 0.0341796875
1 0.6220703125 0.453125 0.0703125 0.1689453125
1 0.5341796875 0.4248046875 0.046875 0.1171875
1 0.2666015625 0.4775390625 0.091796875 0.1796875
0 0.271484375 0.3173828125 0.060546875 0.0625