0 0.171875 0.416015625 0.048828125 0.046875
0 0.775390625 0.4501953125 0.0283203125 0.033203125
0 0.806640625 0.45703125 0.0283203125 0.0361328125
1 0.330078125 0.4755859375 0.072265625 0.1435546875
0 0.2119140625 0.384765625 0.064453125 0.0625
0 0.0791015625 0.431640625 0.0546875 0.048828125
0 0.318359375 0.3603515625 0.052734375 0.0517578125
0 0.4970703125 0.427734375 0.0546875 0.0517578125
0 0.4619140625 0.470703125 0.0234375 0.0283203125
0 0.5478515625 0.4580078125 0.0439453125 0.0390625
1 0.228515625 0.5 0.09375 0.1689453125
0 0.400390625 0.474609375 0.025390625 0.0361328125