1 0.671875 0.5166015625 0.0576171875 0.146484375
0 0.8271484375 0.318359375 0.0185546875 0.029296875
1 0.8349609375 0.376953125 0.029296875 0.080078125
0 0.2998046875 0.4619140625 0.0390625 0.064453125
1 0.330078125 0.6044921875 0.083984375 0.2109375
0 0.673828125 0.388671875 0.029296875 0.0498046875
1 0.654296875 0.796875 0.1904296875 0.314453125
0 0.5048828125 0.71484375 0.0859375 0.216796875
0 0.591796875 0.505859375 0.025390625 0.048828125
0 0.7802734375 0.4248046875 0.0263671875 0.0546875
0 0.412109375 0.4521484375 0.0205078125 0.033203125
0 0.482421875 0.443359375 0.021484375 0.0361328125
0 0.6025390625 0.427734375 0.0234375 0.0546875
0 0.529296875 0.51171875 0.021484375 0.0498046875
0 0.5400390625 0.45703125 0.0234375 0.0390625
0 0.505859375 0.4013671875 0.0185546875 0.017578125
0 0.720703125 0.373046875 0.0126953125 0.0234375
1 0.5126953125 0.5419921875 0.0341796875 0.0859375
1 0.48828125 0.4853515625 0.0283203125 0.037109375
1 0.80859375 0.4384765625 0.03125 0.091796875
1 0.6357421875 0.5361328125 0.046875 0.130859375
1 0.439453125 0.494140625 0.015625 0.0625