1 0.77734375 0.5869140625 0.0673828125 0.248046875
1 0.166015625 0.552734375 0.0751953125 0.2607421875
0 0.638671875 0.39453125 0.0361328125 0.056640625
1 0.6416015625 0.6015625 0.0595703125 0.2392578125
0 0.4365234375 0.427734375 0.0341796875 0.060546875
1 0.376953125 0.5888671875 0.0654296875 0.248046875
0 0.5693359375 0.39453125 0.0361328125 0.056640625
0 0.3759765625 0.3857421875 0.0390625 0.0576171875
0 0.318359375 0.392578125 0.0390625 0.0576171875
0 0.4970703125 0.4130859375 0.037109375 0.0576171875
0 0.7021484375 0.3857421875 0.0361328125 0.052734375
0 0.841796875 0.369140625 0.0439453125 0.0654296875
0 0.2548828125 0.3505859375 0.0419921875 0.0625
0 0.18359375 0.34765625 0.046875 0.068359375
1 0.849609375 0.595703125 0.0732421875 0.2919921875
0 0.771484375 0.3818359375 0.041015625 0.0703125
1 0.24609375 0.572265625 0.068359375 0.287109375
1 0.3134765625 0.591796875 0.0546875 0.255859375
1 0.70703125 0.5791015625 0.0673828125 0.228515625
1 0.5654296875 0.587890625 0.060546875 0.244140625
1 0.5029296875 0.64453125 0.0673828125 0.267578125
1 0.443359375 0.640625 0.052734375 0.25