1 0.5205078125 0.361328125 0.0966796875 0.3251953125
0 0.515625 0.1318359375 0.0595703125 0.064453125
0 0.580078125 0.1474609375 0.083984375 0.083984375
0 0.244140625 0.0869140625 0.041015625 0.0546875
0 0.4736328125 0.0791015625 0.0546875 0.0625
0 0.6748046875 0.12890625 0.0966796875 0.095703125
0 0.767578125 0.125 0.0859375 0.080078125
1 0.3662109375 0.2392578125 0.072265625 0.158203125
0 0.185546875 0.080078125 0.0859375 0.080078125
0 0.373046875 0.12109375 0.048828125 0.0517578125
1 0.1953125 0.248046875 0.1435546875 0.2109375
1 0.806640625 0.326171875 0.158203125 0.265625
1 0.6650390625 0.3837890625 0.1982421875 0.3310546875