0 0.5380859375 0.1640625 0.0283203125 0.072265625
0 0.703125 0.248046875 0.033203125 0.0908203125
1 0.2548828125 0.474609375 0.0703125 0.3408203125
1 0.6435546875 0.4853515625 0.0625 0.373046875
0 0.3955078125 0.17578125 0.03125 0.0673828125
0 0.2861328125 0.1669921875 0.0263671875 0.0703125
0 0.2607421875 0.203125 0.0341796875 0.0859375
0 0.7724609375 0.162109375 0.0361328125 0.0986328125
0 0.84375 0.103515625 0.037109375 0.0908203125
0 0.134765625 0.1533203125 0.0419921875 0.0986328125
1 0.33203125 0.466796875 0.048828125 0.326171875
0 0.1982421875 0.1875 0.0361328125 0.095703125
0 0.685546875 0.1396484375 0.033203125 0.0986328125
0 0.16796875 0.1396484375 0.03125 0.080078125
0 0.642578125 0.1884765625 0.0341796875 0.087890625
0 0.6005859375 0.1279296875 0.03125 0.064453125
0 0.7373046875 0.16015625 0.0390625 0.103515625
1 0.484375 0.39453125 0.060546875 0.3046875
0 0.3349609375 0.099609375 0.03125 0.0673828125
0 0.443359375 0.1376953125 0.029296875 0.087890625
1 0.3974609375 0.4326171875 0.060546875 0.2890625
0 0.330078125 0.201171875 0.033203125 0.0810546875
1 0.80859375 0.53515625 0.0859375 0.4091796875
0 0.939453125 0.14453125 0.052734375 0.1123046875
0 0.56640625 0.169921875 0.0341796875 0.0888671875
0 0.484375 0.142578125 0.033203125 0.0859375
0 0.0634765625 0.1591796875 0.046875 0.109375
1 0.9365234375 0.5380859375 0.126953125 0.4814453125
1 0.056640625 0.5078125 0.103515625 0.408203125
0 0.87109375 0.1640625 0.048828125 0.1142578125
1 0.7041015625 0.5712890625 0.0888671875 0.3828125
1 0.1962890625 0.462890625 0.076171875 0.361328125
1 0.568359375 0.47265625 0.0966796875 0.3876953125
0 0.802734375 0.189453125 0.0654296875 0.1171875