0 0.1806640625 0.4384765625 0.0439453125 0.0439453125
0 0.158203125 0.4384765625 0.0673828125 0.048828125
1 0.2861328125 0.466796875 0.091796875 0.119140625
1 0.158203125 0.48828125 0.080078125 0.0888671875
0 0.23046875 0.4072265625 0.048828125 0.048828125
0 0.2705078125 0.388671875 0.060546875 0.056640625
1 0.455078125 0.462890625 0.166015625 0.173828125
1 0.5869140625 0.4462890625 0.138671875 0.2607421875
0 0.3818359375 0.3564453125 0.072265625 0.0673828125
0 0.451171875 0.337890625 0.080078125 0.072265625
0 0.7451171875 0.2197265625 0.1298828125 0.1064453125
1 0.7763671875 0.4111328125 0.25 0.267578125
0 0.556640625 0.2783203125 0.0986328125 0.083984375