1 0.4375 0.17734375 0.0171875 0.0328125
1 0.03671875 0.22578125 0.0296875 0.05
0 0.60390625 0.153125 0.0109375 0.0171875
0 0.48203125 0.153125 0.0140625 0.0203125
1 0.48828125 0.2 0.0375 0.0765625
0 0.52421875 0.146875 0.0125 0.01875
0 0.4984375 0.13515625 0.0203125 0.0265625
1 0.5203125 0.1859375 0.0203125 0.046875
0 0.034375 0.18984375 0.0203125 0.025
0 0.2140625 0.346875 0.034375 0.0453125
1 0.159375 0.384375 0.08125 0.1015625
1 0.684375 0.23828125 0.0890625 0.1828125
0 0.6875 0.096875 0.05 0.0625
0 0.8171875 0.0609375 0.1015625 0.1125
0 0.284375 0.0921875 0.071875 0.0859375
1 0.8578125 0.303125 0.1546875 0.3203125
1 0.2828125 0.28046875 0.125 0.2171875