0 0.16171875 0.43203125 0.090625 0.0875
1 0.29453125 0.61171875 0.1390625 0.2296875
0 0.3109375 0.23515625 0.06875 0.0765625
0 0.3984375 0.28125 0.0546875 0.0609375
0 0.7890625 0.4015625 0.0734375 0.071875
1 0.14375 0.609375 0.171875 0.2359375
0 0.63984375 0.27890625 0.0515625 0.0546875
0 0.478125 0.2625 0.0546875 0.065625
0 0.18515625 0.27890625 0.0578125 0.0765625
0 0.8234375 0.24296875 0.06875 0.071875
0 0.5453125 0.24296875 0.0578125 0.071875
0 0.73125 0.2484375 0.065625 0.071875
0 0.64921875 0.46328125 0.078125 0.09375
0 0.44921875 0.45546875 0.06875 0.0703125
0 0.309375 0.4265625 0.096875 0.0890625
1 0.45703125 0.6203125 0.1296875 0.2171875
1 0.64453125 0.6265625 0.1359375 0.1921875
1 0.853125 0.403125 0.1296875 0.2203125
1 0.48984375 0.428125 0.1140625 0.2125