1 0.28203125 0.46953125 0.0546875 0.3703125
0 0.1765625 0.2328125 0.021875 0.0859375
0 0.32109375 0.06484375 0.0546875 0.1296875
1 0.10546875 0.56875 0.078125 0.3796875
1 0.771875 0.7671875 0.0671875 0.4140625
0 0.14140625 0.30625 0.034375 0.09375
0 0.6203125 0.0734375 0.053125 0.1296875
0 0.68671875 0.103125 0.0390625 0.1203125
0 0.86953125 0.3359375 0.0421875 0.15625
0 0.37265625 0.1296875 0.0671875 0.2078125
0 0.225 0.2328125 0.0328125 0.103125
0 0.75703125 0.1078125 0.03125 0.1125
0 0.80703125 0.465625 0.0421875 0.1390625
0 0.27734375 0.19375 0.0375 0.1125
0 0.1453125 0.215625 0.025 0.06875
0 0.52265625 0.0515625 0.0515625 0.103125