1 0.3734375 0.3234375 0.103125 0.2546875
0 0.33359375 0.3703125 0.078125 0.115625
1 0.32734375 0.58671875 0.1203125 0.30625
0 0.31328125 0.2078125 0.078125 0.103125
0 0.18828125 0.25703125 0.06875 0.109375
1 0.18125 0.4765625 0.109375 0.284375
1 0.1046875 0.45078125 0.10625 0.2421875
0 0.13359375 0.271875 0.08125 0.115625
0 0.35625 0.14140625 0.06875 0.1109375
0 0.57890625 0.29453125 0.0828125 0.1265625
0 0.51875 0.33515625 0.078125 0.115625
0 0.27421875 0.10390625 0.075 0.1046875
0 0.8046875 0.1703125 0.0828125 0.1109375
1 0.765625 0.38125 0.1203125 0.3015625
1 0.5203125 0.575 0.14375 0.31875