1 0.5203125 0.36171875 0.096875 0.325
0 0.515625 0.13203125 0.059375 0.0640625
0 0.5796875 0.14765625 0.084375 0.084375
0 0.24375 0.08671875 0.040625 0.0546875
0 0.4734375 0.07890625 0.0546875 0.0625
0 0.675 0.12890625 0.096875 0.0953125
0 0.7671875 0.125 0.0859375 0.0796875
1 0.36640625 0.2390625 0.071875 0.1578125
0 0.1859375 0.0796875 0.0859375 0.0796875
0 0.37265625 0.12109375 0.0484375 0.0515625
1 0.1953125 0.2484375 0.14375 0.2109375
1 0.80625 0.3265625 0.1578125 0.265625
1 0.66484375 0.38359375 0.1984375 0.33125