0 0.54609375 0.28828125 0.0359375 0.0359375
0 0.4546875 0.28125 0.05 0.0453125
1 0.88046875 0.4234375 0.0625 0.121875
1 0.6125 0.41171875 0.0671875 0.140625
0 0.24140625 0.2609375 0.04375 0.0421875
1 0.25078125 0.3828125 0.075 0.128125
0 0.8765625 0.31640625 0.040625 0.0390625
1 0.378125 0.36953125 0.059375 0.1015625
1 0.946875 0.434375 0.0859375 0.1453125
0 0.175 0.28359375 0.0484375 0.0453125
0 0.93515625 0.31796875 0.0453125 0.0390625
0 0.69375 0.284375 0.040625 0.0390625
1 0.4546875 0.4015625 0.078125 0.15
0 0.61015625 0.30703125 0.03125 0.03125
0 0.32578125 0.4375 0.04375 0.0453125
1 0.0921875 0.39609375 0.08125 0.15
1 0.16875 0.4140625 0.0765625 0.1640625
0 0.09921875 0.27109375 0.046875 0.04375