0 0.53203125 0.2640625 0.05 0.0609375
0 0.4890625 0.24453125 0.05 0.0671875
0 0.29296875 0.23046875 0.0859375 0.10625
0 0.95703125 0.178125 0.0796875 0.078125
0 0.38203125 0.228125 0.0640625 0.078125
0 0.64140625 0.21640625 0.0671875 0.0671875
0 0.2109375 0.178125 0.1 0.1109375
0 0.7109375 0.2859375 0.046875 0.0453125
0 0.82890625 0.25 0.05625 0.046875
0 0.79609375 0.2453125 0.028125 0.0265625
0 0.45234375 0.26484375 0.028125 0.04375
0 0.5953125 0.29140625 0.0265625 0.0328125
0 0.6203125 0.2765625 0.03125 0.0421875