0 0.2140625 0.353125 0.0484375 0.0640625
1 0.1578125 0.39140625 0.0953125 0.1203125
1 0.6828125 0.24453125 0.10625 0.1953125
0 0.68515625 0.09765625 0.065625 0.0875
0 0.81953125 0.06484375 0.1171875 0.1296875
0 0.2859375 0.0921875 0.0890625 0.109375
1 0.85703125 0.3125 0.1765625 0.353125
1 0.28203125 0.290625 0.1390625 0.24375
0 0.49296875 0.140625 0.0375 0.053125
0 0.03515625 0.19140625 0.0203125 0.0359375
0 0.52578125 0.140625 0.0234375 0.028125
1 0.484375 0.19765625 0.06875 0.0953125
1 0.03671875 0.23046875 0.040625 0.0546875