1 0.671875 0.51640625 0.0578125 0.146875
0 0.82734375 0.31796875 0.01875 0.0296875
1 0.83515625 0.3765625 0.0296875 0.0796875
0 0.3 0.46171875 0.0390625 0.0640625
1 0.3296875 0.6046875 0.084375 0.2109375
0 0.6734375 0.38828125 0.0296875 0.05
1 0.6546875 0.796875 0.190625 0.3140625
0 0.5046875 0.71484375 0.0859375 0.2171875
0 0.5921875 0.50625 0.025 0.0484375
0 0.78046875 0.425 0.0265625 0.0546875
0 0.4125 0.45234375 0.0203125 0.0328125
0 0.48203125 0.44375 0.021875 0.0359375
0 0.60234375 0.428125 0.0234375 0.0546875
0 0.5296875 0.51171875 0.021875 0.05
0 0.53984375 0.45703125 0.0234375 0.0390625
0 0.50625 0.4015625 0.01875 0.0171875
0 0.7203125 0.37265625 0.0125 0.0234375
1 0.5125 0.5421875 0.034375 0.0859375
1 0.48828125 0.48515625 0.028125 0.0375
1 0.80859375 0.43828125 0.03125 0.0921875
1 0.6359375 0.5359375 0.046875 0.13125
1 0.43984375 0.49375 0.015625 0.0625