1 0.41640625 0.36953125 0.134375 0.3359375
1 0.80703125 0.17265625 0.0890625 0.2234375
1 0.0640625 0.15078125 0.08125 0.140625
1 0.71640625 0.18671875 0.0828125 0.2046875
1 0.88515625 0.1859375 0.0875 0.2140625
1 0.23046875 0.346875 0.1234375 0.265625
0 0.07109375 0.0359375 0.059375 0.06875
0 0.1765625 0.10546875 0.059375 0.0828125
0 0.621875 0.02109375 0.0484375 0.0421875
0 0.7359375 0.0390625 0.053125 0.078125
0 0.184375 0.046875 0.0484375 0.06875
0 0.3546875 0.02578125 0.0359375 0.0515625
0 0.796875 0.02890625 0.0671875 0.0578125
0 0.28203125 0.05078125 0.059375 0.1015625
1 0.96015625 0.303125 0.0796875 0.28125
0 0.36171875 0.31015625 0.1203125 0.1625
0 0.4046875 0.09375 0.071875 0.115625
0 0.24453125 0.1328125 0.0703125 0.121875
1 0.61171875 0.68671875 0.2296875 0.5296875
0 0.98046875 0.11015625 0.0390625 0.13125
0 0.88125 0.02734375 0.059375 0.0546875
0 0.60234375 0.28671875 0.121875 0.225