1 0.65625 0.5015625 0.115625 0.128125
0 0.82421875 0.4359375 0.0390625 0.040625
0 0.66484375 0.41015625 0.0796875 0.0703125
1 0.071875 0.46171875 0.14375 0.1765625
0 0.515625 0.36796875 0.103125 0.0828125
1 0.265625 0.53359375 0.15625 0.240625
1 0.4375 0.49296875 0.1546875 0.2078125
0 0.15625 0.34765625 0.1875 0.1609375
0 0.34765625 0.4171875 0.1375 0.1421875
0 0.73671875 0.446875 0.0484375 0.0453125
0 0.89609375 0.4359375 0.0390625 0.0390625
0 0.5515625 0.43203125 0.0515625 0.05625
0 0.790625 0.45234375 0.05625 0.0421875
1 0.53203125 0.5171875 0.109375 0.084375