0 0.1046875 0.03671875 0.053125 0.0609375
0 0.54765625 0.18515625 0.065625 0.115625
0 0.03125 0.61796875 0.0625 0.23125
0 0.540625 0.9390625 0.1515625 0.121875
0 0.340625 0.2125 0.065625 0.096875
0 0.17734375 0.19375 0.071875 0.109375
0 0.4671875 0.11484375 0.0625 0.0859375
1 0.28359375 0.92734375 0.253125 0.1453125
0 0.7375 0.46953125 0.0859375 0.1515625
0 0.62109375 0.29375 0.0828125 0.115625
0 0.7953125 0.21484375 0.0890625 0.115625
0 0.2734375 0.6875 0.121875 0.1765625
0 0.61171875 0.72734375 0.1015625 0.20625