1 0.88984375 0.496875 0.0953125 0.278125
0 0.97421875 0.2546875 0.0515625 0.090625
1 0.0421875 0.4546875 0.084375 0.2921875
1 0.96328125 0.4796875 0.0734375 0.296875
0 0.2828125 0.25859375 0.0859375 0.0796875
0 0.91328125 0.284375 0.0796875 0.0859375
1 0.10546875 0.471875 0.1828125 0.2671875
1 0.78125 0.475 0.1609375 0.2859375
0 0.75703125 0.253125 0.0984375 0.090625
1 0.27734375 0.45234375 0.1546875 0.246875
0 0.1328125 0.25390625 0.09375 0.0953125
0 0.53984375 0.24921875 0.0859375 0.084375
0 0.03671875 0.23359375 0.0734375 0.090625
1 0.53046875 0.45234375 0.175 0.2578125