1 0.41015625 0.5796875 0.1234375 0.209375
1 0.475 0.5625 0.10625 0.178125
0 0.56640625 0.3984375 0.1078125 0.084375
0 0.3125 0.40390625 0.11875 0.0765625
0 0.4 0.421875 0.08125 0.059375
1 0.7078125 0.5625 0.121875 0.18125
1 0.81015625 0.52890625 0.1390625 0.2015625
0 0.03515625 0.37890625 0.0640625 0.0640625
0 0.01484375 0.375 0.0265625 0.071875
0 0.46875 0.42421875 0.08125 0.0703125
0 0.7046875 0.4375 0.0875 0.08125
0 0.7875 0.37734375 0.084375 0.0671875
1 0.3078125 0.63125 0.16875 0.2875
0 0.18359375 0.3890625 0.1703125 0.128125