0 0.62265625 0.3375 0.0703125 0.05625
1 0.34609375 0.40546875 0.0609375 0.1328125
0 0.8359375 0.2625 0.084375 0.075
0 0.4078125 0.28359375 0.034375 0.0515625
0 0.92578125 0.33046875 0.1359375 0.1203125
0 0.72578125 0.2234375 0.1015625 0.0875
0 0.52109375 0.28984375 0.0609375 0.0578125
0 0.446875 0.28515625 0.04375 0.0484375
0 0.35 0.28203125 0.040625 0.0484375
1 0.4515625 0.45546875 0.078125 0.1640625
1 0.4078125 0.42421875 0.04375 0.1609375
1 0.2953125 0.4390625 0.034375 0.128125
1 0.2234375 0.390625 0.021875 0.0875
1 0.578125 0.39453125 0.0375 0.0890625
0 0.29765625 0.3046875 0.0328125 0.053125
0 0.61875 0.29921875 0.05 0.0671875
0 0.57734375 0.3046875 0.0390625 0.08125
0 0.0984375 0.32421875 0.034375 0.0359375
0 0.13828125 0.31796875 0.0265625 0.0421875
0 0.2609375 0.3140625 0.021875 0.04375
0 0.28125 0.3296875 0.03125 0.040625
0 0.22734375 0.31484375 0.0203125 0.0203125
0 0.7875 0.284375 0.059375 0.08125
0 0.67578125 0.28984375 0.0515625 0.0578125
0 0.4875 0.32578125 0.04375 0.0578125